419110919
307740675
481091591
380485641
302317578
302776331
470908940
458973197
361570318
488144911
385286160
440549396
376504341
335123801
376487962
389716201
327557148
366010397
331750064
319447074
306053156
409821222
439500840
329438556
357539882
396656683
446636076
385425453
443400238
376897585
407511090
354033717
448299062
305094711
392569304
452012725
440614976
393281603
412844100
375693324
364191819
465592398
426401872
392986707
409682007
405463128
331825206
319275100
395296862
355833189
379011169
312729700
404553830
410230891
330760300
380846189
411328623
334808424
472612979
417603700
331852758
336978041
440467585
323051651
475177092
319275142
340056769
356302987
412334786
407299437
451084433
389873810
395176643
479229415
382435477
443072664
425304218
345877801
442425502
353752381
454434976
292967792
434456903
297738404
429809829
395690151
318562472
364904476
416088234
450584747
445128693
416309424
336942451
352796852
322522234
374939832
377692345
383877306
315957445
482066631
423092424
408232137
323215394
417448144
417939665
385229010
474136788
329801943
342052900
364175578
286015708
477692125
307544289
308256995
350748900
305422565
297779430
323502311
301056233
320954602
338223341
433823982
428941551
334373105
430096626
487465203
409116916
327065845
404750582
438722809
384663805
406331646
337543424
339886338
437436459
414425349
400924937
432169227
481034508
303898669
349921552
453558547
382300071
417628438
418717977
393486618
300032284
342540576
293953826
376134363
366404998
439042342
348184873
319296903
391463212
325361967
472047922
483688755
335634745
436609338
398893371
462782780
430022974
411902005
436764992
315310402
453812548
294601029
389305740
383295543
399652237
351232336
431538514
443132643
353490318
327803222
343753047
482484568
391061849
452952410
478874400
401965413
397756666
378954327
315599590
367534438
381132019
399524200
412557673
446636395
351052140
429113709
423248238
373047667
385892724
289472885
320954742
445260152
368411001
430321800
455288213
444842368
486367618
356358891
325935492
488087941
452309758
389226888
425361801
381768149
291374487
386285966
415220113
445178259
393714414
320618903
317496047
446177692
355664289
364050107
428835238
310960552
385442217
442139052
408592813
426369454
399180212
417391031
391236340
420455839
382738878
367280575
428005606
397885890
370516419
428750241
347831278
441917898
319291852
419709390
307208655
471892433
454275150
419873240
348824026
320287975
323305949
359274212
382878177
381608420
401547750
371925480
333884156
391718311
411541998
411542003
475922933
347300342
438092279
391053820
366822826
325321214
384680447
364585473
361161220
363979269
471966214
420905479
429810184
436814347
304079372
288236046
390832655
466330130
386351635
320578069
409354774
417628695
434659864
475308569
433701402
346882588
284819997
483484190
419062303
295977505
362250789
434528806
408863271
421315115
414204462
399966079
417432112
366469683
428843572
348875529
371524153
404930655
455230014
381960767
343362333
329679515
366608965
398999827
297108041
328294991
409101752
422847058
290033763
351797845
387252823
335896676
431950607
429056604
326112698
427860574
482927199
466748000
416039522
313041507
449938021
405512807
420880805
340812395
488030828
475161197
415171185
348701300
409207413
310633078
356500088
445375097
340804679
356557438
463266435
441238148
327230092
350716558
326066831
336536208
367583892
303166341
434840214
303276697
338576026
369631343
348373661
354001567
384385697
470565538
324010659
432489124
429818534
406282919
287965865
328131242
353146311
407993470
366871214
418554543
457507504
327205553
293421748
327238325
348816055
350749368
304480953
387324703
442147516
84235722
290883571
475360032
424870594
309070800
401629893
315171528
340501200
410739414
398401657
474809048
315482842
419603919
345105118
284500703
442147552
423666403
425165540
485237478
364615121
439993065
477053675
345490156
450999762
421946094
335069935
471638770
361431795
365241076
304087797
362275577
338469628
317457877
395330304
434692865
409928450
374227715
428835589
443425545
459342605
315908878
349193688
464101507
332120854
336405274
483967771
477864732
316318494
386491168
304759586
380125988
316572453
382427944
386515758
415294941
337178760
294773556
395150133
390914870
391368841
437855032
318544692
320668282
393405243
369738556
345760574
430367552
355276256
380134210
413216907
409043781
314303302
448766791
367526730
433638199
378823502
450519887
395748176
294822737
425640786
474948763
459088725
386409302
424404452
460302797
452202639
412238684
335520605
303162206
436565477
314811232
406791009
429794146
393388902
307577703
401425257
384624103
404161391
335004528
432768488
415335284
408858470
307896750
348220553
322397049
420839624
405054333
476521342
385786751
454272491
369599365
362300294
432890760
389833618
398197653
360579991
373769112
477043524
309830555
378094493
412779422
415130528
320873377
449930147
433587109
376341414
335332266
375061809
424780719
291693489
335553459
435936073
313893817
394691515
409691068
436822976
469615553
382881169
405808069
454730695
443884490
418628555
302310348
373261262
378092365
391254726
351297270
448832466
285514848
316318678
368271524
411900544
359065082
367977439
301646818
359711717
405881830
487285735
439354344
412959721
359375850
306065575
464397292
462422428
393765873
383738866
420602869
320165148
398459049
447669240
389178361
297264122
348529659
430154748
407487487
427148289
366246572
363955204
475907077
340747274
334605143
442598413
389473296
352125970
338630616
328086283
360326166
342565913
415605786
396657691
398107676
333423649
463111203
319317029
422298662
357712935
287335465
332170282
337798190
307840047
477955120
418874417
353846322
457548851
303563606
415319094
367800343
315647036
393162025
297222015
331048001
429098050
432235587
380044356
429671493
376448071
313721933
372417616
389211220
336544853
474432600
337151065
424493242
454730846
338142305
324330595
438625381
406291560
380920938
421438571
407953386
469312626
329933939
423494773
431850615
372294778
416441468
479536255
445564033
408315011
372286596
394536069
352560262
393159815
392309612
471925899
438092940
326010000
415466644
357160464
382788760
434942148
421962906
438477979
350749852
406733982
327756964
312886438
377365671
425137692
383042731
358838472
302392499
340149430
328861215
340736230
353731779
369099973
389219526
323093710
447710415
453420240
451144568
348153043
406291871
393856213
441337047
321275097
346858714
390186203
383083742
419161205
365004005
328049894
337126631
327476457
410895911
316768466
286532846
308634863
411914451
475997431
338730462
428089556
347931898
378569979
482166012
317859071
318186755
298862479
404057304
427050250
305784081
432760082
359073047
353412376
327064452
453838106
316769563
299296029
364684574
470115616
388588834
446907683
313820452
352797990
487499313
395150634
481010992
353421712
376849719
403044944
377136441
360588604
411305277
454346047
314074433
357712036
335158923
289190113
348734792
349890103
292250956
408651085
467871054
347571535
416179538
357467475
320578900
418137429
475776342
284222807
336471387
374179166
411149663
428483936
433269648
383362404
306939237
334185830
409290087
426591592
418653548
463709549
321414510
391333574
306693490
336676211
317023604
477660533
377685366
377718136
392373626
426812798
403916160
288671105
333208213
352265603
468068091
397550982
364610951
431482248
477046153
324186373
473752978
486736110
411583895
300770713
372983195
391333276
425592223
424576416
382240162
398116259
474636529
410117546
350545323
371238318
440149428
352789941
447063193
318621111
415638968
349840825
325813690
477718890
361448897
423863748
439764421
341435850
444237263
468493779
433235412
440477141
330900950
415453433
287917528
316679641
400905807
430286300
450733533
414203664
344950241
468354532
326477287
377349608
484845033
288327147
407832044
406128109
315598320
328984052
394567934
398190071
427828728
336537082
384255486
428647937
298255876
387810821
383974725
403506695
358341708
408266253
456607246
398280280
304686612
413932462
478873111
410174414
404720559
403514908
453084701
384149023
393004576
367978017
407995938
337950299
342951460
438380069
366347814
299129777
383673896
303892009
439092779
396838444
423695965
412337713
426247730
353068595
473589300
292996661
373065271
370531252
413402719
480527932
458958397
338232895
456435265
317336502
423036486
406857287
319956553
358538167
401016418
359786063
321480273
402138710
395697081
418612824
465127001
412362331
291014236
347104863
420259424
332514914
423192164
321234534
319759975
473523818
418817645
323806830
378390127
305003644
434808434
424002017
344860277
331671159
439258047
305571434
322560277
386244833
378037889
485394050
418784899
403523204
411264645
406480521
418694794
331794060
433514093
312575632
442140305
311395987
326835794
407534532
482739866
358262427
333178524
412502481
318473887
423478946
391251619
373302951
417736361
385697452
348643699
419030705
369346227
294897332
330581685
318686902
388343479
410052281
381953722
393914044
338446015
397821632
448128705
465127107
370841206
453019334
447432947
417900232
471033545
391128779
379881164
428066509
286033614
398296783
336185040
393397970
423806675
316810965
457926359
330731812
448308954
352134875
368043740
384886494
284075743
334808800
379522000
335374050
396337446
381724390
404507601
423323369
429336302
417695471
418793202
405554932
421390072
439412351
416266455
316155648
337168130
438216451
402114309
421472009
474983383
321931020
304050477
358270736
322144020
399415043
319178524
384132893
418039582
375969413
479422241
299108130
437815078
454928168
413278034
430237483
465315630
333612847
434317105
391292723
404121397
383248182
327034679
455883743
416346421
422340417
448603974
435013447
409814856
476702540
444475217
388900690
376514388
474040149
388817209
390326104
321208995
290752347
376571745
369256295
312123708
417630059
284945681
301647728
305798268
457410420
321960937
287582072
306890617
318171003
457008165
393602943
426649472
422494528
486270850
451512197
363448199
438912905
416057226
382265227
318809999
421242768
397281171
435406741
473933718
382267716
354895771
404858781
292503877
439117728
407439265
402991011
440616869
432482214
455820956
332498860
474474414
371279791
459442099
287921822
407021495
476710841
381274042
424437691
334505917
382986174
422362101
473933761
424511427
354117572
472221637
425093062
394127304
418391714
358344654
338528211
447006677
346703830
486877143
399394777
355813338
436545499
310519772
425519071
436578273
480782306
478345217
384878566
422561769
310462443
356789781
307906541
426723310
309070845
369739760
347668819
473614324
322988021
442910711
434669560
436299769
429590524
316082177
357009411
339953668
311838725
397076488
407930889
290595159
286631949
453560335
403654673
390670354
429811731
354538781
314574870
327067672
314681369
359393306
405219356
431155229
308004894
412690463
385361952
378742821
418900007
326101033
304171052
404514861
443869230
346548271
405563440
306776122
398116924
436664324
407467701
392276032
388114498
318089283
381544518
344057928
424478793
384387146
440673975
412862541
433102876
349866063
402122832
431032184
368166994
336275542
391661241
440656228
347007066
368705198
324520028
356411485
330334565
478660705
469805154
315795555
372729956
427075685
393761675
465217641
392133650
469919856
423528562
307742836
383186622
348883062
326379639
463579257
365013114
383811622
363882620
310437762
482879615
472942272
360728709
385689736
382274493
420538507
409078649
364923024
439576721
482388114
366536387
427305108
443590806
365840535
318056602
356822248
434358433
379185316
481249445
478636198
323864744
328616105
359000235
443908613
286927021
380151982
436857007
380864689
458563955
474769588
314853558
428222647
442927291
305146045
377194688
437807301
308537544
326863049
381683914
364873934
456394959
350637179
375605460
330278606
463761785
364857560
381246500
366168285
454699230
457794336
445573347
397756644
400755750
443705577
340789485
415598831
411515900
319277298
344615155
422160628
316762357
356452599
309545208
323135738
343230715
301517052
445196542
352209151
340755361
443304197
408235052
374499031
315009300
454215957
413444375
313869305
324812281
435849502
372613509
456113200
410036516
445335847
470304476
330754346
432376107
307972398
370898653
347326770
340175157
297462070
470083895
408234299
392980797
384878910
454928704
299051329
426579563
451389767
383046028
440756556
367507170
335518212
380365136
347957585
381823315
313624917
348596566
437438473
374901080
389106009
310819898
388175589
405432672
419244385
399600699
446769509
338192744
440535402
408889707
393431404
432892272
307079538
303516019
325399073
447744374
327427817
289769849
347859322
334638143
423520636
404892029
484387198
404433281
333203842
336791939
291826753
392489352
430025098
442728855
429140364
364025581
399419792
408005010
439921044
353421722
317622683
331024798
436173893
424216992
368470433
306399652
330647976
395129244
349809066
326298027
315042220
346524077
390867374
315976111
433937480
473565619
387672504
331106036
465285535
305088957
469985726
301648319
413215168
346499522
317098436
444688837
320776646
418785737
292964813
396462544
413681400
343914379
363590051
374139351
470100440
371119201
384977370
414868469
449907165
362531294
410634719
424438240
345959504
320334306
402393571
437299687
340123169
340128998
453093871
460701934
473164275
402688503
423864824
466439252
435464700
429820414
370534913
432736774
411486727
430877784
411707922
439659027
330500629
448907798
294177303
324520472
329509402
431554305
483559966
363661061
464677923
293423650
302877219
384170353
306891305
338709034
386042411
334490163
312699998
341948169
428452414
398256703
417094752
464742978
305465923
427412039
342731339
366141717
345819730
418081365
448277078
371968602
324242012
370100830
435972703
315640417
355494498
337693283
333245028
399542886
435276391
374778472
391522923
284975534
411388525
454552174
416041583
400449982
303275601
463177492
311011962
372820606
335932032
413565938
391244418
381381252
430549637
319900295
329677676
334236299
404449932
483979714
354650766
339532909
479521424
327125649
441696707
414386842
360802971
449137308
400091807
381466395
427985572
397585068
334809262
477399730
369608478
469011126
466387401
302303931
475794108
338021058
405424835
416066244
345559349
394504903
452529650
411388627
367594196
347304398
355631567
288803962
372050654
487754463
480439010
439921379
396757732
386771686
389071313
427285628
466438890
477129453
413901371
306301679
336210676
410053365
364923643
320088828
434768637
441182974
430350805
374860544
368470785
425146155
400526938
367323909
350710534
454421256
428854025
427789067
421743372
289278734
327576335
387232216
461503619
373459732
392514326
419433241
435735322
361215791
438348572
456280861
367332128
371393766
456208125
324303320
386591527
470584105
410503980
398854957
366014941
291666256
360586377
307258505
447310653
482790206
346611748
444926785
335939382
377858886
480838113
383822671
426229741
422972247
370338651
363572062
434604895
374836064
315034466
480936422
382503783
327428512
355044203
379120492
451808110
453618545
346205042
321441834
360819574
427520489
485460856
363375481
357469051
416000892
333253503
399403909
417606536
369658766
364014480
381732500
336382867
416787348
485704174
330247063
392729071
317885341
418040737
431885467
354060102
481594279
442239914
399700466
412134318
356289455
351636402
386100147
474696629
317787062
390024123
444935101
285887422
388656063
290966469
382733068
400608202
405365239
311593934
406940624
398207953
458025940
379857877
323374038
411372503
415894489
452193243
450989020
464067749
366840803
424954852
418540521
293891050
368520171
386141165
349825285
429140976
311626921
300043259
305417212
323341309
307735550
373771265
340257795
407424007
434211851
351955984
473181210
327243610
451871237
406490144
376990754
476646435
306881030
453381158
476343336
465136681
313453612
372399282
448097330
394767411
418230793
447556667
401640511
305835072
353479745
326372422
485985355
443370572
455568463
483552336
403233770
318909524
477054448
476105815
387624024
335088826
461778014
394357855
410520673
358329446
342781116
468520044
341298287
383560816
459717756
318778482
346049655
363801721
316263546
397618367
310807383
455969918
418368641
410298219
369675397
321072264
327059308
336974359
352791693
381581165
444244504
305671314
396102804
396668055
366783641
380824731
389762204
370142365
307694751
437873824
367888240
479521956
314330277
427830439
317328553
303571485
417270961
421080244
460070453
305253558
339647689
400354489
436038842
435997883
372649148
388467903
355249346
422366403
373951684
370448246
392203463
412511432
333221067
449973453
377399160
409914581
442141910
397225175
477973720
439388043
416345319
328223976
418450665
377392362
382763559
382987500
325078254
429313263
355708144
344952052
487066871
335391992
438507219
323685630
309103871
421997825
423054595
384036101
470904177
321973513
295536783
340790541
400092430
339094801
484232467
394915095
386062212
369601818
476560912
451004293
393780443
456592678
336555303
353471785
348720426
475221291
320793908
481070390
458631049
335449402
327466207
388664637
387231038
368876547
302026049
408430475
486678496
430656840
441003337
414862668
477322466
449957198
313386199
400731474
357002579
412773717
302828886
345042264
426731407
470805854
484833168
453176675
392752484
473955677
469822823
447286633
398191978
287855165
373058929
348409202
405106036
315155006
325952583
330820990
404606335
341855616
332516737
410545538
374308075
330726883
413592965
436292998
324332936
413568394
304852364
335506833
392523154
394038678
340711321
414772463
363154844
312034129
303672735
353938850
436143901
459427238
380273070
455142832
421391793
318594291
449621431
334982585
448138682
396635579
369553994
366562751
325216160
315264450
303918531
472632776
429018571
463441356
392531405
403746256
402869715
434187732
441642455
343272920
390435467
367291867
408858076
408571358
451464672
347590113
414772707
404180452
454480465
377851369
343477741
436653553
318344690
420590390
339848697
477924858
448925179
315043324
348868094
306259173
345623809
334122504
390852107
329690638
418166701
362507794
420883715
417574421
412782103
335965722
454178735
474131996
317272666
463441441
417609697
315215396
404454662
393781852
311660074
398339627
449132718
433131056
477454942
468520502
311045690
321285695
447270466
398814788
373460552
352472655
358829649
305942099
448679509
455937622
427126362
442212227
289914201
420725349
358338144
402203488
471067162
427763643
391376145
328851178
446623339
364269164
472616557
436981358
331222639
351907443
471371381
317722231
411864796
381554305
374234552
409939590
404680329
370544266
407934450
333426317
393158294
413995629
311594640
329371287
431065028
299962010
450154142
365811005
373788320
471682722
315289251
443362980
309079720
439812111
285008210
360804014
448999087
344139720
338464438
456494777
376925883
316583612
339015626
374224461
431918785
486919103
436678342
431165129
461713103
299011793
353423058
329420502
304243321
318271196
458067677
289738462
450326239
418508513
363539750
423735014
346617809
454987496
379768103
405712620
317446739
381480686
374091507
391335668
313855733
476314921
401673976
384397052
371895594
409710336
470191873
395898626
310742787
324710150
440479497
449456087
308653836
388173584
320196369
295089437
382627605
377458454
363155223
426266392
379334426
367963934
311947043
322408230
354733863
395126748
374189866
453472043
356953902
475860783
327921461
413986615
440995644
363917117
441921343
478285635
380481348
396562245
450088774
352284487
342396745
326659915
390664012
467849037
408055631
305434450
439627605
404574041
325345935
452251485
480752041
458602470
439365478
331370344
409956201
345943919
405729136
404926321
284888949
409784183
356298619
378367868
316239742
355938175
371781506
289189768
435965836
353249261
476221328
303656259
458575764
463427566
330375833
339036143
350637981
471658399
333647776
347875312
370360777
406041276
345362341
440184742
413503399
369610664
327995470
398372782
359182255
395844666
388837301
369247825
465244091
483012540
359059391
350185783
340365251
293220293
308809670
335523786
323882959
411592623
420933585
462475218
353480659
450254141
384289011
337623876
412500644
451465180
360968157
340013023
337868835
402173926
305606631
447385577
399052778
359854059
422391788
377638894
423440367
387592176
413593585
380702706
421343219
365244404
402042871
389029204
317788159
294328109
478656513
355274760
391216471
410013709
366516964
340725780
393146391
467939353
472056495
320696349
385527840
404688932
391065642
378277931
289946973
413970480
336584032
474779698
326111284
467175433
426111032
408621114
398962747
329556661
466743361
443650121
377671756
345559118
369455184
316067926
308760666
475326479
427061340
433852509
382037239
386126249
354013283
427929700
387125351
318472093
321327804
346516591
333363018
423673192
329937011
400068726
319721592
354116858
449908863
367833216
357429378
434219172
414027909
477614216
411897993
394399883
368996494
387477647
395677840
347105257
363388270
448016534
342790296
329158810
397208943
319174237
357421218
481589275
462221477
482226343
380891306
385265835
328380590
382199837
359936176
401911993
357470394
468332733
427101557
363368643
345108676
376828101
349499592
438202570
321294544
384577745
413274323
407941332
331378902
457218833
318545295
310137055
444076257
408817892
487534823
412823786
386140199
437276908
355168494
368390383
474720297
327586041
398340347
433208704
450408708
418124037
458207495
393859344
372207894
368070936
470970649
435802394
330846493
381833502
353947935
310923553
356012323
455684388
295670053
399053097
329691437
412193071
405817062
342257973
471682442
410512468
461746500
390303116
421335370
396341579
397316428
334106960
382015970
389952227
414478679
412602713
356815194
458240347
381948252
335130973
321909086
410792288
457994594
398438755
384291172
474395366
378491239
333214059
371855728
374255985
295440754
307417463
365343097
395956604
398020989
468873601
405787010
321927233
451916168
477401482
442839435
400331148
460943757
366956942
315126160
302944658
472789398
447541655
382996892
428954015
391704995
334844324
332388422
323908007
362549673
478328903
464507311
377713072
430821812
478757620
468595131
449212860
440971710
347689409
313733570
411824579
425849284
429792673
320532937
423130028
368087500
476574157
393138638
329150931
412520917
325079512
394031581
433369569
400888290
329044452
303018470
343159272
447885801
389738988
411046383
362484210
484590113
447343463
402051575
420180735
320303612
310514173
306024958
287666689
396661250
376380843
476328452
312594950
430019079
413897225
361632267
401904277
316756498
359002643
305918484
445600278
341447191
420306351
458096385
325227038
337711649
365347431
424596006
323129324
356053562
404075069
333681216
483414593
320934466
372003395
392892996
394580549
434063457
385094216
336656374
467579466
394195535
334746192
363740600
402946147
458461783
451768920
345035354
366948957
457331294
326070880
388444771
309758054
440488550
337277544
320942698
412824171
440652397
364581487
335614577
396972659
467296524
433783555
484590663
477236671
458584705
478909059
400249478
438106220
453598205
412996236
386043330
406975118
359322256
352670488
300454549
402149513
411275930
403198619
360755869
324817568
335942305
425632815
322479833
383054511
467145392
329323191
424792762
429904572
391455520
301317579
287601348
334688965
372404934
329454279
382355437
342643402
435492983
392884940
452137683
483488468
423072470
443115641
322663128
386167519
406762208
307259491
335573732
479638245
371405542
315585257
353525203
412545781
438480340
285881085
322663166
303936255
423981828
477459211
486180990
429118222
333253382
413988824
407696151
318411544
422327065
334312220
434206853
371061536
418050849
464925476
438227754
407440464
422834990
317444914
361378611
366236469
396874550
330969911
403641144
456049460
423514938
361476925
337597249
323243305
381997894
445289289
389182285
316937016
370651986
310836707
434066260
438178648
458109787
448672609
393007971
330978149
394990438
338715452
372003694
369808239
388608880
366482290
433128925
337113977
466961712
327529343
418132864
339440515
348738437
356098649
454742922
364737419
402215820
435368846
319189903
298499637
384098411
340606446
355021720
343593881
341545882
341095324
430572357
403706784
291179684
360370697
425624390
428382744
305558444
333206445
430299293
442930100
446150453
363975611
333607868
311771978
388281278
376517567
415591427
297407430
479884235
355496908
382071759
413037520
364900798
305624025
479450076
327504861
462214110
299331246
470160353
385618916
409383911
469390312
355563453
413979626
312472555
451982316
401986544
482945192
434844658
426922997
330560502
372749303
379851769
398332922
413258751
325350401
334681090
472824264
330560517
341292038
429814793
399348746
416322572
350524430
368440338
421607598
346207254
386839575
320691784
406877212
334828574
313455652
376191269
307352615
338244652
312120367
450043400
432493620
410858550
477271095
415831096
400454713
455210043
432526396
451240800
391312450
351499331
388338756
471192647
327409164
449150501
367293518
376493136
328217443
410465369
454298576
383576312
307008606
423195743
440301040
341226593
293787835
349197412
443978854
293885032
407741287
390607981
329913454
369027261
368167101
298660978
448242537
366362132
342971514
366924577
394900607
403534976
308843656
446059663
427025386
432100498
342127763
326079639
461132952
380311748
336483483
401807557
353102688
396997487
360371364
354899110
406798563
391589404
342563015
461313202
314021043
331789492
358970551
418440052
342037691
413930686
326218950
393850401
426428898
320681161
415978698
443831501
397956305
390080718
350696662
398904868
362494592
403731677
376853727
366269664
466965732
336458982
437490919
451687657
329676014
406033647
365737201
311817460
367555830
393860346
442049407
417871100
405320958
440014080
350303104
449565954
370750723
425194759
416077064
323630346
408188171
424331481
440497434
377011759
430060828
365892893
476468510
400635167
319927587
372970788
318530438
350852390
450057512
463566122
311440683
369038640
305931144
380881118
377951542
351663415
398464313
448017722
410793275
308262204
366253373
364926270
447755583
334689601
332518723
451141174
384922950
396481863
395941192
472864073
358913358
391460175
441202002
408193251
304870741
336328024
385738980
316405082
338261339
355644764
367809889
378951010
342070627
318535013
475379046
394106216
308065641
310647015
326407535
314439024
409856189
324687219
399857015
301520250
454159935
350705022
398906751
410244480
430069121
367236484
427062661
372970886
339621255
371045768
406828425
371422604
420392514
343201166
344152301
353105297
474846610
337581461
320640410
443938204
453711261
393008542
290512453
484677024
430036385
345020657
427148877
396580265
366884266
426606151
377664943
379254192
300897713
384153011
433845687
424007096
408147386
350647740
446657982
304231872
428160449
366941635
407328196
473224647
350115272
430233034
404551115
317593039
372053456
298423761
483440082
302560726
416069881
290231768
440464859
371135965
406443486
349099488
384035067
295785957
346527207
342136301
393091798
428389873
358913522
404112871
423794167
329324024
284784121
382817789
333207039
422336001
422467074
452474371
475919879
319615916
436692112
354596368
438375953
304109077
365895257
349853208
315987484
327069274
333239839
378869286
361341247
365344300
475772461
470942643
447837748
459191861
468637238
344181001
375248440
304117305
335574590
373298751
396359234
422704707
473052747
328619596
361102946
380663374
320214607
388470356
352261718
442981988
429610587
325965405
331273822
424670815
447288778
369867024
327243363
418684518
438417000
389410407
364934764
368834158
395250876
477148788
470136438
318576248
441915368
451106427
426808956
361371261
382015102
335042176
389813889
460357227
374027908
394286725
401511781
357542434
338441871
414226064
351598228
346857070
359584563
431093404
411276958
398854758
486168228
357405638
452974246
427038379
353441452
317062770
362010286
296441519
405089907
298366644
329742622
469800634
405862075
368359102
417199807
469489347
417814216
427688908
476624590
357553875
458602197
476526294
328365784
358533412
356087514
311105244
402413277
379459295
377386722
362145175
321325999
390272744
449869546
383846695
353490669
382179054
350836463
325359344
449418994
397686516
438916855
322434809
348837629
434984702
472053503
390395649
381744899
478590724
350127062
440563463
450544443
389117708
312604430
305321745
407181075
387806998
384399127
304863000
345557295
394945498
372954911
408688944
315250467
391794310
414865190
341301031
290338603
331192109
292419245
348120029
442054448
411154225
413456178
299718452
310458165
463910710
305557129
446961464
336934715
441079612
446099082
321091390
313030463
454424385
417699651
383874885
414846741
309385034
417781579
432623245
378223253
393158326
427870217
408393557
427039033
294073316
320575322
409139035
479801462
394614622
415892337
437196640
442273424
315938658
383825763
308221797
379246461
474552168
381502439
487233389
380920808
453420830
453932918
471324535
481040248
340359033
369148906
386791899
382156437
319035264
288094082
395515780
359094149
436762502
332126087
442120072
451155849
421345162
391886731
469800848
424458132
470488983
372823961
308615068
442709917
415938462
325859231
321730525
402053026
448509859
349853604
449968454
308568745
319100843
421894061
455554990
480187452
444946356
377460662
453449656
428087225
330545082
435935163
317028682
476264383
302430145
288217026
335296454
423327689
284235722
350427469
405496309
330217425
421828562
337321635
334817614
331528151
391747544
451024857
326539226
414603171
349288417
380319046
376510438
332568551
314292200
361276412
415438826
307386350
347887599
453229449
315525459
477026293
445241334
295262199
398579709
424245247
405894842
332675076
457255254
441766913
321202711
340252681
338491403
439621646
336937898
386963472
454473745
438343699
437434388
424376341
335861783
388921370
325955247
307255325
396408862
398892720
387905571
437491748
451000359
458586153
436697130
412842333
305633335
394901560
370538553
386406461
476490080
369686597
429512774
443898209
335632457
321026123
294402126
346912847
389085266
377337939
476805204
428103766
380442712
369703001
477124699
415725662
369121376
482501648
337565794
454170723
386160742
353417324
449820782
395962159
305199217
375560307
357650278
315324535
332635839
382011754
377463829
341768320
301915840
407967874
379132035
392985162
291477637
481990792
467548299
445266062
333265043
329521518
416536728
460916466
420217882
413563038
339473332
288553125
354895449
346536305
313877532
347363502
399521969
373872818
376748213
333527222
348592311
325073268
412629178
315914427
364297930
331241664
300262840
294099140
412694725
392026311
430676168
324516043
379623629
376338638
462405739
405878993
373061842
385369123
348813524
376838359
405845028
483064026
369506525
417716447
402569440
367589603
408230116
415168741
430733542
354851047
422164713
335952106
380964731
324417772
419264749
399816942
388888815
473274608
316127473
344971506
485275891
311597301
466999543
348895481
425998591
438409472
331929860
436754817
434338058
314162903
368367886
344946960
382263000
424556818
341941977
307779867
417061150
415832351
408787232
484538657
381442338
434346275
467966342
297515105
441243944
341520092
427735431
384102063
315128110
372930864
314050952
416837544
391488683
459456812
378673464
319591476
415144250
345626940
368052618
331028799
446552384
394533190
398891338
342792525
347560271
392485200
472996180
403126613
423418201
347707738
357720892
395589981
384366942
362027360
382196065
382858299
287824228
306469222
294852969
293747050
368042209
382646636
377014674
330235916
350132592
383924593
375257459
405461364
421960056
398023035
420731260
434674045
331037057
398088581
383064454
486523969
311630218
370858382
376183183
451105851
415439251
480582040
484357222
421599648
445553058
451877283
412539301
473217450
312719787
286570924
386505134
441719216
470530485
414308791
352308980
466319804
425671101
356604351
441858464
407206338
383285413
444922309
416938438
471669191
285039048
430152138
417601954
306903502
459738872
334600661
414685654
292370904
374512090
320166363
438426078
355014509
419830242
348879331
320510438
428374508
297630191
457636337
463362546
455563765
459676150
476534368
317447935
327555582
473537023
427579819
463534596
432462341
367901190
412105223
305412616
307116460
405887500
385621762
349362702
386447893
361380374
415373847
482531864
375734020
375994906
375331355
443873823
376180486
360585767
306534952
358341162
306485804
418142765
335297072
323312177
349051443
423483957
475142710
482840329
387430969
448181343
346470972
453204547
458209862
398113351
445390083
466524746
429775439
345209424
380918353
352008786
467706979
328235064
382827096
413948787
370383453
400210526
390104165
375954017
460331618
432306789
331078247
326589032
439704169
415236321
310532716
423942765
487922291
449098452
481012158
336321144
340489672
381549180
287657749
369400448
436405355
317938308
325570326
482605702
308542088
410172043
429054607
422959762
313621139
359144084
385784469
320666263
473635480
335530436
433814176
403402522
325565086
368974496
385333921
362011298
329349795
393140900
444463783
426662569
327006890
467499691
305896108
405199533
387676848
320649672
314735282
474700467
349084340
475504128
412539583
326885152
469228226
339442371
398432964
398342853
460872392
413522634
412843810
439229135
311671506
354138837
450976470
398906489
473365208
314948315
417618654
478355199
414481120
403954404
317184741
292071889
416971496
428948202
365869803
383032046
422271727
481286899
340966138
483031805
307256063
476044032
428324704
395090690
369605380
338082565
409688839
487222269
405503789
288094680
314777345
460745178
407067423
347077408
415098263
359881507
307359268
475159336
439813255
433674789
459807534
321571293
366689076
364225673
454138681
376552252
384642614
429226820
454976652
317471562
445283437
410377037
392575825
422853458
436136419
417905493
406698840
443865948
411048797
484080479
364976993
444710715
311483236
406444903
416471912
333249385
336567148
397563026
433503089
389231763
346602357
324475766
357006201
469990268
307944317
388176767
452502514
354171778
441686915
393878404
412621703
361421705
378092432
411294161
381598612
424082325
452322904
451470489
408959896
327572378
393296367
417356701
338910111
357708955
321096615
321584037
367238054
376568305
340360805
361544622
368656200
481287091
447470516
367557558
462240695
310918073
440630212
308231109
383925190
330898377
306412490
391973367
315046861
341700429
452913656
427449299
372833238
350354391
304561114
461954011
442407902
466279391
433937379
386090150
368493958
308919272
404593641
412802026
437492716
463715309
458062830
426400754
402455540
342850046
291142646
305640617
368540665
460815354
355564540
352467965
468753407
445258752
404413443
380091409
387775506
443890710
300235799
400096280
481565188
422272028
355302429
411891279
363494433
315153444
440547846
397720618
391326215
342137900
486603822
344546352
392928307
449502262
460536890
383065147
480091198
355941440
476568645
367926344
445410468
386309196
441449550
406453327
471866449
371907666
367882689
441884516
306092504
433177943
386178142
343374944
436321379
486095973
308026477
468319342
390519923
363002997
382278774
378330231
386415737
339401852
477674622
421710357
424959106
464666475
478755973
325352583
448617609
349543562
339409431
410434700
440974477
351951384
446987417
451034268
444533274
459728069
442653858
336141475
449404069
466803880
332474908
476232877
480017583
333192368
391273650
306278261
454159444
412843209
396197069
487128683
430269647
412843230
468630751
287063264
382015523
348576994
326630627
481582312
434216171
324058348
325049584
351451688
436886770
435076339
391301859
401399034
318107519
427154684
369857749
448290048
362003715
466263300
332289238
372464902
330759431
407592200
336910892
324895959
480517019
434846991
370834707
326417686
391306524
445627681
309927203
448281892
367287593
333209479
398630189
288898350
465493297
437975603
306046174
285646135
427859258
449661226
315727164
390946109
468016446
401540112
320650562
379842268
320461366
284417350
417594696
445136205
321297748
383057238
299948601
420902116
429653340
411614557
429671653
423606405
376839521
333266274
452011382
455327076
368440550
286555496
431553898
355253611
358677868
380886382
331029871
448863600
396664178
472776052
428760442
403012988
346607539
405839232
316620161
416849285
319331719
310467978
334249357
405863822
424492431
324025746
419312878
307652014
416191449
403660187
395091360
393567649
411401637
385121702
315407783
408394311
376323500
371309999
480468400
420896180
425369013
316284344
450999540
305880509
365821378
304987590
362033057
346611144
460258762
389070283
468139468
431195375
465944015
289029585
309892106
432730019
401800662
408673751
338782230
449452623
416325085
402791902
318676449
474179832
376618468
317930985
314793451
435322348
457637357
467385838
329689571
471547376
379928049
474987091
376806901
404962808
446766585
369614335
422837760
399334913
459202051
351013462
360848902
310058504
484597260
415817229
372424207
403938832
351821331
465034772
378789401
388726300
473144862
310918687
423550497
451010083
377624008
485367333
351079814
317062695
483638824
303688284
486137782
424263215
436256307
313720372
306175541
398489689
361938487
336946442
289553982
409601758
340696641
380810507
435846724
411156037
477112929
315194952
419110475
397991502
435674703
409665105
328253010
422592083
351149652
316096089
414768730
467615323
341187173
431398498
481029316
412393061
482467430
343377169
383712872
383221354
458587755
398121980
345316974
327024239
386260593
468598386
327753336
321936578
425598586
373366400
321240709
412819078
429661831
465034891
348692110
393141903
305562904
318676629
441081494
446070425
420294563
468699619
436105157
284819104
287964834
402680996
466390982
295059110
335503017
435060395
486497965
352009902
424076573
367326777
458931889
325090998
389349048
437780153
428900028
323165885
440655551
465616576
405849376
290184898
458653383
402177737
355679946
346128077
293986001
417360516
326483669
284925655
411254488
478582052
329375451
383065820
306241251
333184740
414031594
462126827
455610322
452050670
336510704
403521265
294682355
369245942
387729789
308780794
399056635
383327998
327376639
370843392
431020672
349814530
447471364
431513350
486006538
383060487
435576588
388620045
468082245
412679952
438894552
482393874
313385334
386359064
397999897
292978458
365248283
416464669
475905823
333217568
301301537
385285922
478912291
415489832
460778494
391102250
354107180
454745901
345489198
413192157
367224729
313073457
386735923
415768372
440475448
337887033
411878682
412983099
376962876
387034196
375095105
388890435
299196229
341704518
342138696
376577868
325713741
425426767
452435792
471646033
470743730
443875155
416989014
325525335
405946201
376520539
438089018
404234079
410596067
414632592
382186811
405921636
337403750
319659881
384245611
460814994
423935854
469329213
311762802
402751349
479838073
349865279
432627580
456290282
302505855
399766017
432766850
412438507
481623941
349839238
387437889
429682668
407519116
452181903
380862352
430260113
418788675
324861844
315252631
376913903
326508444
454273690
304062367
435474416
353492899
385916837
459800486
416382887
484007848
445718445
357105584
320476488
428072886
445754456
378224628
391970746
325058491
432963517
354574271
415931040
446745748
287440835
410861508
356261829
433110983
375955400
385497075
292683725
413679567
403128273
435813611
334315480
387405135
357687264
339804129
375693290
339640299
320462828
404357101
444923886
372269039
368058354
460177396
473538549
431534079
317759484
288348842
411219646
