284075743
284222807
284235722
284417350
284784121
284819104
284819997
284500703
284925655
284945681
284888949
284975534
285039048
285008210
285646135
285881085
285887422
286033614
286532846
286015708
286555496
286631949
286927021
286570924
287063264
287335465
287440835
287582072
287601348
287666689
287824228
287917528
287855165
287964834
287921822
287965865
288055485
288094082
288094680
288217026
288327147
288553125
288236046
288704178
288671105
288898350
288803962
289029585
288348842
84235722
289278734
289190113
289189768
289553982
289769849
289472885
289738462
289914201
290033763
289946973
290184898
290231768
290512453
290595159
290883571
290966469
290752347
290338603
291374487
291014236
291477637
291142646
291666256
291693489
291826753
292071889
292370904
292250956
292406424
292419245
292964813
292978458
292996661
292967792
293421748
293554503
293423650
293220293
293747050
293953826
293986001
293982002
293787835
293885032
294099140
293891050
294177303
294073316
294328109
294440294
294601029
294402126
294852969
294773556
294822737
294897332
295059110
294682355
295089437
295262199
295440754
295454682
295465760
295536783
295785957
295977505
296441519
297108041
297264122
297222015
297738404
297515105
297630191
297779430
298283466
298255876
298423761
298366644
298499637
298530425
298660978
298781824
299051329
298862479
299011793
299108130
299129777
299196229
299296029
299718452
300032284
299948601
300235799
300262840
300454549
299962010
300770713
300806641
301056233
300897713
301301537
301317579
301647728
301648319
301646818
301653743
301915840
302303931
302317578
302310348
302430145
302392499
302776331
302505855
302828886
302877219
302944658
303018470
303162206
303275601
303276697
303571485
303656259
303672735
303563606
303892009
303898669
303918531
303945410
303936255
304087797
304062367
304050477
304109077
304079372
304117305
304152281
304171052
304231872
304480953
304561114
304686612
304852364
304863000
304759586
304870741
304987590
304940727
305003644
301517052
305088957
301517052
305094711
305321745
305253558
305412616
305417212
305422565
305557129
305558444
305571434
305434450
305562904
305465923
305624025
305146045
305606631
305633335
305671314
305798268
305784081
305880509
305896108
305918484
305942099
306024958
305931144
306065575
306092504
306175541
301520250
306046174
306241251
306278261
306259173
306053156
306301679
306399652
306437464
306412490
306469222
306534952
306485804
306693490
306776122
306890617
306903502
306891305
306939237
307008606
307116460
307079538
307256063
307259491
307352615
307208655
307255325
307258505
307359268
307417463
307544289
307386350
307577703
307652014
307740675
307694751
307735550
307742836
307779867
307906541
307840047
307896750
307944317
308004894
308026477
308065641
308221797
308231109
308464763
308542088
308568745
308537544
308615068
308256995
308653836
308634863
308760666
308843656
308780794
308809670
308919272
309070845
309079720
309070800
309075221
309103871
309348926
309385034
309545208
309758054
309830555
309927203
310137055
310058504
310437762
310458165
310467978
310462443
310519772
310514173
310532716
310647015
310633078
310709262
310742787
310819898
310836707
310918687
310918073
310923553
310960552
311103846
311045690
311011962
311105244
311395987
311440683
311593934
311630218
311597301
311594640
311668447
311671506
311771978
311817460
311762802
311838725
311947043
311992515
312034129
312120367
312123708
312472555
312594950
312575632
312604430
312699998
312719787
312729700
307906541
312886438
313041507
313030463
313073457
313386199
313385334
313453612
313621139
313455652
313624917
313720372
313733570
313820452
313721933
313835383
313877532
314050952
313869305
313893817
314074433
314072338
314162903
314021043
314292200
314373383
314439024
314330277
314574870
314681369
314793451
314777345
314735282
314853558
315009300
315042220
314948315
315034466
315046861
315126160
315128110
314811232
315153444
315043324
315171528
315194952
315155006
315252631
315250467
315289251
315264450
315310402
315324535
315215396
315525459
315407783
315482842
315554283
315585257
315647036
315640417
315598320
315725566
315727164
315795555
315905731
315914427
315908878
315938658
315957445
315976111
315987484
316067926
316096089
316155648
316127473
316082177
316239742
316284344
316318678
316263546
316318494
316405082
316326399
316620161
316572453
316679641
316762357
316769563
316756498
316810965
316768466
316937016
317023604
317062695
317028682
317062770
317184741
317272666
317098436
317444914
317328553
317447935
317446739
317471562
317457877
317622683
317722231
317593039
317759484
317787062
317808185
317788159
317859071
317930985
317885341
317938308
318056602
318089283
318186755
318171003
318271196
318344690
318473887
318411544
318472093
318544692
318530438
318562472
318535013
318545295
318576248
318594291
318621111
318652594
318676629
318676449
318686902
318784975
318809999
318778482
318909524
319035264
319100843
319134453
319174237
319178524
319275100
319258905
319275142
319291852
319276706
319277298
319296903
319331719
319317029
319447074
319615916
319591476
319659881
319721592
319759975
319900295
319927587
319956553
320088828
320165148
320166363
320196369
320214607
320334306
320461366
320303612
320462828
320469871
320476488
320510438
320532937
320559616
320575322
320578069
320618903
320649672
320666263
320650562
320668282
320681161
320691784
320696349
320578900
320776646
320873377
320793908
320934466
320942698
320954742
320947543
320954602
320960165
321026123
321072264
321091390
321202711
321208995
321234534
321275097
321285695
321240709
321294544
321297748
321327804
321414510
321571293
321480273
321584037
321684063
321730525
321909086
321931020
321960937
321973513
322144020
322397049
322434809
322408230
322522234
322479833
322560277
322663166
322663128
322988021
323051651
323093710
323129324
323135738
323165885
323215394
323243305
323305949
323312177
323341309
323374038
323657350
323685630
323806830
323864744
323882959
323908007
324025746
324123953
324058348
324186373
324242012
324330595
324417772
324332936
324475766
324516043
324520472
324688689
324687219
324710150
324817568
324812281
324861844
325049584
325058491
325073268
325079512
325078254
325079914
325090998
325216160
325227038
325345935
325321214
325350401
325352583
325359344
325361967
325525335
325558873
325570326
325713741
325565086
325813690
325859231
325935492
325952583
325965405
326010000
325955247
326066831
326101033
326111284
326079639
326112698
326218950
326298027
326372422
326407535
326379639
326417686
326477287
326508444
326483669
326539226
326589032
326630627
326835794
326863049
326885152
327006890
327034679
327009598
327065845
327059308
327024239
327069274
327067672
327210786
327125649
327230092
327205553
327243363
327238325
327409164
327376639
327428512
327427817
327243610
327466207
327476457
327504861
327529343
327555582
327572378
327586041
327557148
327576335
327756964
327753336
327803222
327921461
328049894
328086283
328131242
328204582
328223976
328253010
328235064
328217443
328294991
328365784
328380590
328619596
328616105
328851178
328861215
328984052
329044452
329150931
329158810
329349795
329371287
329420502
329438556
329375451
329454279
329509402
329556661
329521518
329676014
329680011
329677676
329679515
329689571
329691437
329690638
329754119
329742622
329801943
329913454
330217425
330235916
330247063
330278606
329933939
330334565
330375833
330500629
330560517
330581685
330647976
330726883
330731812
330754346
330759431
330820990
330846493
330898377
330900950
330969911
331024798
331029871
330978149
331028799
331037057
331048001
331106817
331078247
331106036
331222639
331192109
331241664
331370344
331273822
331378902
331528151
331671159
331750064
331825206
331929860
331789492
331852758
332121452
332120854
332126087
332170282
332300068
332388422
332289238
332498860
332516737
332474908
332514914
332518723
332675076
332568551
333178524
333184740
333192368
333207039
333206253
333203842
333209479
333239839
333217568
333213297
333245028
333221067
333253382
333254347
333266274
333253503
333265043
333363018
333426317
333423649
333612847
333527222
333647776
333884156
334106960
333607868
334236299
334312220
334185830
334373105
334249357
334315480
334490163
334605143
334600661
334638143
334689601
334505917
334688965
334746192
333681216
334808424
334809262
334808800
334817614
334844324
335004528
335042176
334982585
335069935
335123801
335130973
335158923
335088826
335296454
335141029
335332266
335297072
335391992
335374050
335512872
335503017
335518212
335523786
335530436
335553459
335520605
335574590
335573732
335634745
335614577
335632457
335861783
335896676
335932032
335939382
335965722
336185040
336141475
336231272
336328024
336173491
336210676
336382867
336275542
336321144
336405274
336458982
336483483
336471387
336537082
336510704
336544853
336536208
336567148
336555303
336656374
336584032
336676211
336910892
336937898
336934715
336946442
336978041
336942451
337126631
336974359
336791939
337178760
337151065
335506833
337113977
337265253
337140411
337168130
337277544
337361308
337403750
337321635
337581461
337543424
337597249
337623876
337565794
337693283
337711649
337798190
337950299
337887033
338021058
337868835
338082565
337907361
338261339
338142305
338192744
338232895
338244652
338441871
338223341
338464438
338576026
338446015
338630616
338528211
338491403
338709034
338730462
338910111
338715452
339015626
339094801
339036143
338469628
339442371
339401852
339409431
339440515
339532909
339640299
339728089
339848697
340013023
339621255
339953668
340128998
339804129
339886338
340123169
340175157
340257795
340149430
340252681
340359033
340360805
340489672
340606446
340365251
340711321
340501200
340696641
340727827
340747274
340736230
340790541
340812395
340804679
340966138
340789485
341012603
341226593
341298287
341187173
341292038
341301031
341435850
341471502
341520092
341447191
341704518
341541604
341545882
341700429
341768320
341725529
341855616
341948169
342052900
342037691
341941977
342070627
342127763
342136301
342138696
342137900
342257973
342396745
342540576
342565913
342563015
342643402
342731339
342781116
342790296
342792525
342850046
342947393
342971514
342951460
343159272
343230715
343201166
343362333
343374944
343272920
343477741
343377169
343593881
343753047
343914379
344057928
344139720
344181001
344152301
344615155
344546352
344729832
344860277
344946960
344950241
344971506
345108676
345042264
345105118
345237138
345209424
345020657
345316974
345035354
345334044
345362341
345490156
345489198
345557295
345559118
345623809
345626940
345760574
345959504
346128077
346207254
346205042
346470972
346499522
346516591
346524077
346536305
346527207
346548271
346607539
346611748
346617809
346602357
346703830
346611144
346857070
346865458
346882588
346858714
347007066
346912847
347077408
347105257
347326770
347104863
347560271
347571535
347363502
347300342
347590113
347689409
347668819
347707738
347859322
347831278
347875312
347957585
348120029
347931898
348153043
348381401
348373661
348409202
348220553
348529659
348184873
348576994
348592311
348643699
348596566
348701300
348692110
348720426
348738437
348734792
348813524
348868094
348816055
348883062
348837629
348824026
348879331
348895481
349084340
349099488
349193688
349051443
349197412
349362702
349288417
349574529
349500702
349543562
349809066
349840825
349825285
349853208
349814530
349839238
349866063
349865279
349853604
349890103
349889166
350115272
350127062
350166326
350132592
350303104
350185783
350354391
350545323
350524430
350696662
350710534
350647740
350748900
350749852
350716558
350852390
350705022
350836463
350749368
351052140
351149652
351167938
351232336
351297270
351451688
351513854
351499331
351598228
351797845
351636402
351663415
351951384
352008786
351907443
351955984
352134875
352009902
352209151
352261718
352265603
352467965
352472655
352670488
352560262
352797990
352791693
352796852
352964683
353102688
353146311
353121573
353249261
353417324
353421722
353068595
353412376
353441452
353471785
353479745
353480659
353490318
353490669
353483565
353421712
353525203
353492899
353544420
353731779
353752381
353938850
353846322
354008569
353947935
354060102
354001567
354033717
354013283
354117572
354107180
354138837
354171778
354574271
354596368
354538781
354625154
354642186
354650766
354895449
354851047
354733863
354895771
354899110
355021720
355014509
355253611
355044203
355274760
355302429
355249346
355168494
355276256
355496908
355494498
355631567
355664289
355679946
355564540
355708144
355644764
355813338
355833189
356053562
355938175
356087514
356012323
356112374
356098649
356261829
356298619
356289455
356358891
356302987
356452599
356411485
356500088
356557438
356604351
356745944
357009411
356822248
356815194
357006201
356953902
357002579
357160464
357105584
357162469
357467475
357539882
357542434
357469051
357470394
357687264
357650278
357553875
357712036
357720892
357708955
357712935
358270736
358329446
358344654
358341162
358425306
358226769
358538167
358677868
358829649
358913358
359000235
359002643
358970551
358913522
359065082
359059391
359094149
359073047
359144084
359182255
359274212
359375850
359393306
359584563
359579647
359786063
359711717
359936176
359854059
360326166
360371364
360579991
360588679
360586377
360585767
360588604
360819574
360804014
360848902
360728709
360802971
360968157
361102946
361048498
361161220
361276412
361378611
361341247
361448897
361371261
361476925
361544622
361380374
361570318
361421705
361632267
361938487
362011298
362003715
362020054
362033057
362145175
362027360
362250789
362439693
362300294
362484210
362507794
362549673
363002997
362531294
363155223
363368643
363282870
363154844
363375481
363388270
363448199
363494433
363572062
363590051
363661061
363801721
363882620
363975611
363917117
364025581
364014480
363740600
363979269
364050107
363955204
364191819
364175578
364297930
364225673
364269164
364610951
364857560
364684574
364875148
364923024
364904476
364873934
364976993
365004005
364926270
364923643
364934764
364982249
365013114
365343097
365248283
365241076
365347431
365344300
365737201
363590051
365821378
365811005
365869803
365895257
365840535
366014941
365892893
366010397
366141717
366168285
366246572
366253373
366269664
366236469
366347814
366362132
366469683
366404998
366516964
366482290
366562751
366608965
366783641
366683088
366924577
366822826
366871214
366884266
366941635
366948957
366956942
367236484
367280575
367224729
367238054
367287593
367283146
367293518
367323909
367326777
367332128
367526730
367555830
367594196
367291867
367557558
367534438
367589603
367809889
367833216
367882689
367901190
367800343
367926344
367888240
367978017
367963934
368042209
368052618
368070936
367977439
368043740
368058354
368087500
368167101
368166994
368271524
368367886
368390383
368359102
368440550
368470433
368411001
368440338
368493958
368520171
368470785
368540665
368599059
368705198
368656200
368753927
368834158
368876547
368974496
368996494
369038640
369090631
369027261
369099973
369247825
369148906
369315241
369245942
369256295
369346227
369506525
369554938
369400448
369553994
369599365
369605380
369601818
369610664
369591937
369631343
369658766
369675397
369687107
369614335
369608478
369686597
369703001
369739760
369808239
369857749
369738556
369867024
370142365
370100830
370160678
370360777
370338651
370383453
370448246
370538553
370534913
370516419
370531252
370651986
370544266
370750723
370834707
370843392
370858382
370841206
370898653
371045768
371061536
371119201
371279791
371135965
371154735
371166439
371238318
371309999
371422604
371405542
371524153
371697436
371895594
371925480
371781506
371968602
371907666
372003395
372053456
372050654
372003694
372207894
372269039
372353955
372286596
372404934
372417616
372424207
372464902
372399282
372649148
372823961
372833238
372820606
372749303
372729956
372930864
372970788
372970788
372983195
371405542
373061842
372970886
373047667
373058929
373065271
373136635
373261262
373302951
373459732
373366400
373298751
373771265
373460552
373770834
373788320
373769112
373875941
373872818
373951684
374091507
374146703
374179166
374189866
374027908
374139351
374224461
374255985
374227715
374234552
374499031
374512090
374778472
374836064
374860544
374947320
374901080
374939832
375095105
375257459
375248440
375331355
375142979
375605460
375560307
375693324
375826763
375693290
375734020
375704741
375749531
375866689
375954017
375969413
375955400
375974293
375994906
376191269
376065007
376183183
376341414
376323500
376333587
376338638
376380843
376504341
376448071
376514388
376520539
376568305
376487962
376493136
376571745
376517567
376560253
376577868
376618468
376552252
376510438
376838359
376748213
376849719
376806901
376828101
376839521
376913903
376897585
376853727
376925883
376962876
377011759
377014674
377136441
377194688
377349608
377365671
377258720
377337939
377386722
377458454
377392362
377460662
377399160
377463829
377602931
377624008
377664943
377671756
377685366
377713072
377638894
377718136
377793152
377692345
377851369
377951542
378013134
378037889
378092432
378094493
378092365
378224628
378277931
378341678
378330231
378367868
378390127
378491239
378569979
378673464
378698013
378731349
378742821
378823502
378951010
378869286
379120492
378954327
379185316
379132035
378789401
379279349
379254192
379246461
379334426
379440436
379459295
379522000
379623629
379768103
379842268
379857877
379851769
379881164
379928049
380044356
380091409
380134210
380125988
380151982
380319046
380311748
380365136
380442712
380467238
380481348
380663374
380702706
380846189
380810507
380824731
380862352
380864689
380881118
380891306
380886382
380918353
380920938
380964731
380920808
381274042
381333067
381381252
381442338
381466395
381246500
381480686
381598612
381549180
381502439
381544518
381608420
381554305
381581165
381683914
381734996
381744899
381833502
381816489
381724390
381732500
381953722
381978577
381948252
381823315
381960767
381997894
382015102
382011754
382015523
382037239
382015970
382071759
382060209
382156437
382186811
382199837
382179054
382196065
382240162
382274493
382267716
382265227
382300071
382355437
382278774
382435477
382427944
382646636
382738878
382627605
382788760
382817789
382860654
382827096
382881169
382986174
382987500
382878177
382858299
383032046
382996892
383042731
383060487
383046028
383054511
383064454
383150971
383065820
383186622
383083742
383295543
383248182
383285413
383362404
383327998
383560816
383576312
383811622
383673896
383738866
383825763
383822671
383874885
383924593
383877306
384035067
384098411
384036101
383925190
384086784
384132893
384102063
384245611
384149023
384289011
384153011
384255486
384291172
384366942
384385697
384387146
384397052
384399127
384663805
384680447
384754463
384878910
384878566
384886494
384922950
384977370
385229010
385094216
385285922
385265835
385369123
385286160
385333921
385442217
385361952
385425453
385497075
385527840
385637905
385621762
385527923
385697452
385618916
385689736
385738980
385784469
385892724
385786751
385916837
386042411
386090150
386062212
386043330
386141165
386126249
386144943
386260593
386140199
386160742
386167519
386178142
386285966
386244833
386309196
386409302
386415737
386406461
386491168
386505134
386515758
386447893
386591527
386771686
386735923
386791899
386839575
386963472
386879524
386980733
387034196
387125351
387231038
387179183
387252823
387245949
387405135
387430969
387437889
387586397
387232216
387477647
387609553
387624024
387592176
387672504
387676848
387806998
387729789
387775506
387810821
387905571
388046146
388114498
388165638
388175589
388176767
388343479
388338756
388444771
388394410
388467903
388580844
388608880
388470356
388627246
388588834
388656063
388620045
388817209
388664637
388726300
388837301
388888815
388890435
388900690
388921370
389085266
389071313
389117708
389070283
389178361
389106009
389117708
389211220
389182285
389226888
389231763
386244833
389219526
389288080
389349048
389410407
389473296
389738767
389813889
389873810
389833618
389952227
390024123
389762204
390080718
390104165
390186203
390303116
390272744
390326104
390395649
390435467
390519923
390670354
390806209
390607981
390832655
390664012
390867374
390914870
390852107
390946109
391053820
391065642
391102250
391128779
391061849
391236340
391216471
391244418
391251619
391273650
391292723
391312450
391333574
391326215
391301859
391306524
391333276
391376145
391460175
391455520
391488683
391463212
391522923
391589404
391661241
391704995
391718311
391459630
391747544
391886731
391794310
391970746
391973367
392026311
392203463
392276032
392269911
392514326
392489352
392373626
392485200
392534671
392575825
392729071
392569304
392752484
392531405
392985162
392892996
392884940
392980797
392986707
393004576
393007971
392928307
393065088
393008542
393091798
393140900
393162025
393138638
393158294
393146391
393159815
393281603
393296367
393405243
393397970
393431404
393388902
393602943
393542120
393742289
393714414
393761675
393765873
393780443
393781852
393856213
393860346
393850401
393914044
394031581
393859344
393878404
394038678
394127304
394106216
394195535
394357855
394286725
394441691
394399883
394504903
394614622
394580549
394536069
394567934
394691515
394533190
394767411
394901560
394915095
394900607
394945498
395091360
395132534
395126748
394990438
395090690
395150634
395129244
395150133
395296862
395176643
395250876
395330304
395515780
395690151
395677840
395589981
395697081
395898626
395844666
395956604
395962159
395941192
396102804
396341579
396197069
396337446
396408862
396359234
396426901
396462544
396481863
396562245
396580265
396635579
396656683
396668055
396757732
396661250
396657691
396664178
396838444
396997487
396874550
396923926
397076488
396972659
397140540
397225175
397208943
397494309
397281171
397316428
397550982
397563026
397618367
397720618
397756644
397821632
397956305
397885890
397921951
398020989
398107676
397999897
398116924
398023035
398088581
398116259
398121980
398190071
398191978
398256703
398296783
398197653
398207953
398113351
398332922
398342853
398432964
398372782
398459049
398401657
398438755
398630189
398489689
398579709
398814788
398854758
398892720
398854957
398906489
398893371
398949364
398891338
398904868
398906751
399052778
399056635
399180212
399053097
399334913
399394777
399348746
399419792
399521969
399403909
399415043
399542886
399524200
399600699
399652237
399700466
399766017
399816942
399769545
399936263
399857015
400068726
400091807
400210526
400096280
400101401
400248638
400249478
400331148
400092430
400354489
400454713
400449982
400526938
400635167
400608202
400755750
400731474
400905807
400924937
401016418
400888290
401425257
401399034
401540112
401547750
401629893
401511781
401640511
401800662
401820288
401807557
401904277
401927515
401965413
401911993
401673976
402051575
402042871
401986544
402114309
402122832
402053026
402149513
402173926
402203488
402138710
402177737
402215820
402393571
402413277
402569440
402455540
402680996
402688503
402791902
402694487
402751349
402991011
403044944
402869715
403126613
403128273
403198619
403233770
403506695
403494215
403523204
403514908
403521265
403654673
403534976
403660187
403641144
403706784
403731677
403746256
403938832
403974173
403954404
404075069
404112871
404161391
404180452
404057304
404121397
404234079
404413443
402688503
404454662
404507601
404449932
404551115
404553830
404514992
404593641
404574041
404680329
404720559
404688932
404787846
404858781
404962808
404892029
404993408
405054333
404930655
405106036
405219356
405199533
405365239
405463128
405320958
405489007
405461364
405436765
405432672
405496309
405503789
405563440
405554932
405512807
405729136
405787010
405712620
405808069
405622194
405817062
405839232
405845028
405881830
405862075
405887500
405878993
405921636
405946201
406041276
406033647
406128109
406291871
406291560
406282919
406331646
406443486
405863822
406453327
406444903
406480521
406490144
406733982
406698840
406762208
406791009
406798563
406857287
406828425
406877212
406975118
406940624
407021495
407062204
407067423
407193541
407181075
407206338
407299437
407328196
407439265
407487487
407424007
407467701
407440464
407519116
407511090
407592200
407696151
407730884
407832044
407941332
407934450
407912040
407930889
407967874
407953386
408005010
407995938
408147386
408055631
408193251
408188171
408230116
408234299
408232137
408266253
408235052
408255337
408315011
408393557
408430475
408571358
408592813
408558000
408621114
408651085
408688944
408787232
408817892
408858470
408863271
408858076
408959896
408889707
409101752
409116916
409043781
409267686
409290087
409207413
409354774
409383911
409521256
409691068
409682007
409673794
409710336
409688839
409784183
409879261
409914581
409856189
409939590
409928450
410036516
410052281
410013709
410174414
410053365
410117546
410230891
410298219
410280827
410244480
410434700
410377037
410503980
410512468
410545538
410476485
410520673
410634719
410575714
410739414
410895911
410861508
410793275
411149663
411048797
411154225
411254488
411219646
411276958
411275930
411156037
411264645
411328623
411388627
411401637
411305277
411372503
411388525
411486727
411541998
411583895
411515900
411592623
411542003
411614557
411707922
411824579
411878682
411900544
411864796
411914451
411891279
411897993
411902005
412134318
412105223
412193071
412337713
412238684
412334786
412362331
412393061
412438507
412500644
412511432
412539583
412502481
412621703
412629178
412539301
412574604
412557673
412520917
412545781
412602713
412679952
412690463
412694725
412773717
412779422
412802026
412782103
412823786
412842333
412843230
412824171
412819078
412862541
412843209
412959721
412983099
413037520
413192157
413258751
413274323
413216907
413402719
413444375
413278034
413503399
413563038
413456178
413568394
413522634
413597475
413606662
413593585
413679567
413681400
413930686
413948787
413970480
413932462
413986615
413951588
413979626
413897225
413988824
414031594
413995629
414027909
414203664
414308791
414226064
414204462
414386842
414478679
414481120
414425349
414603171
414614855
414685654
414768730
414846741
414772707
414868469
414865190
414862668
415098263
415144250
415171185
415220113
415168741
415294941
415319094
415335284
415373847
415438826
415439251
415466644
415489832
415453433
415551914
415591427
415605786
415598831
415638968
415725662
415768372
415831096
415832351
415892337
415817229
415931040
415894489
415978698
415938462
416000892
416039522
416041583
416069881
416077064
416088234
416191449
416322572
416325085
416266455
416345319
416382887
416471912
416481990
416464669
416536728
416481751
416441468
416611649
416732446
416849285
416938438
416837544
416989014
416971496
417061150
417199807
417094752
417356701
417270961
417360516
416346421
417391031
417448144
417432112
417574421
417606536
417601954
417594696
417603700
417628438
417628695
417630059
417618654
417695471
417699651
417736361
417716447
417781579
417900232
417814216
417871100
417905493
417939665
418050849
418039582
418124037
418119604
418081365
418132864
418137429
418166701
418172382
418203600
418230793
418142765
418368641
418450665
418391714
418540521
418554543
418653548
418628555
418684518
418612824
418695841
418694794
418717977
418784836
418785737
418793202
418784899
418863516
418817645
418874417
418964638
418900007
419062303
419110919
419161205
419244385
419264749
419312878
419433241
419603919
419709390
419830242
419873240
420180735
420217882
420306351
420259424
420392514
420294563
420455839
420538507
420602869
420590390
420731260
420880805
420839624
420883715
420896180
420905479
420933585
421080244
420902116
421242768
421343219
421345162
421335370
421391793
421390072
421472009
421438571
421607598
421599648
421710357
421743372
421793978
421828562
421946094
421847696
421960056
421894061
421962906
422080008
421997825
422160628
422249500
422164713
422271727
422272028
422298662
422327065
422403912
422336001
422494528
422467074
422366403
422391788
422561769
422592083
422704707
422834990
422853458
422837760
422847058
422972247
422959762
423036486
423054595
423072470
423100562
423130028
423192164
423195743
423248238
423323369
423291527
423327689
423440367
423494773
423418201
423514938
423483957
423528562
423520636
423550497
423666403
423673192
423606405
423695965
423735014
423794167
423806675
423942765
423864824
423863748
423935854
423981828
424076573
424007096
424082325
424216992
424331481
424245247
424263215
424376341
424404452
424409425
424437691
424458132
424438240
424482375
424478793
424492431
424511427
424556818
424576416
424670815
424596006
424780719
424870594
424792762
424954852
425146155
425093062
425165540
425137692
424959106
425194759
425304218
425361801
425344964
425369013
425519071
425592223
425426767
425598586
425624390
425649458
425671101
425700034
425849284
425998591
426247730
426150092
426111032
426229741
426266392
426401872
426369454
426400754
426428898
426579563
426591592
426606151
426649472
426662569
426723310
426808956
426731407
426861175
426812798
426922997
426921886
427039033
427025386
427061340
427038379
427050250
427062661
427075685
427126362
427101557
427085182
427148289
427285628
427154684
427148877
427291398
427377486
427449299
427465528
427520489
427579819
427735431
427688908
427763643
427784502
427828728
427859258
427830439
427870217
427860574
427789067
427929700
427985572
428005606
428103766
428066509
428087225
428072886
428089556
428374508
428389873
428324704
428441557
428452414
428483936
428585044
428647937
428750241
428760442
428854025
428835589
428835238
428900028
428941551
428948202
429054607
429018571
428954015
429140364
429056604
429118222
429113709
429140976
429226820
429336302
429313263
429375686
429512774
429448407
429590524
429661831
429653340
429671653
429610587
429671493
429682668
429814793
429795293
429775439
429673318
429810184
429818534
429794146
429809829
429820414
429811731
429904572
430025098
430019079
430060828
430069121
430036385
430022974
430096626
430154748
430152138
430233034
430237483
430260113
430286300
430299293
430367552
430350805
430429159
430549637
430572357
430733542
430676168
430656840
430784271
430877784
430821812
431032184
430964209
431020672
431093404
431065028
431165129
431155229
431227808
431195375
431398498
431455265
431482248
431513350
431534079
431553898
431561535
431538514
431717189
431850615
431918785
431885467
431950607
432100498
432169227
432235587
432376107
432462341
432306789
432489124
432482214
432493620
432623245
432534135
432627580
432526396
432730019
432736774
432760082
431554305
432766850
432768488
432800999
432890760
432963517
432892272
433131056
433110983
433102876
433177943
433208704
433128925
433165525
433269648
433235412
433369569
433503089
433399850
433514093
433479734
433638199
433701402
433674789
433823982
433783555
433845687
433852509
433937480
433937379
434065245
434063457
434066260
434206853
434187732
434211851
434219172
434230529
434216171
434305610
434346275
434317105
434338058
434528806
434456903
434445447
434551661
434604895
434668098
434669560
434659864
434692865
434768637
434674045
434808434
434694270
434844658
434813948
434840214
434942148
435060395
434846991
435076339
435098169
435195046
435322348
435406741
435464700
435474370
435492983
435473580
435474416
435540298
435576588
435674703
435735322
435813611
435849502
435802394
435846724
435898750
435878772
435935163
435936073
435909721
435965836
435997883
436038842
436105157
436143901
436173893
436136419
436156854
436256307
436299769
436321379
436292998
436405355
436545499
436578273
436565477
436609338
436697130
436678342
436750135
436764992
436761542
436814347
436762502
436822976
436857007
436886770
436981358
436852219
436987594
437195468
437196640
437299687
437276908
437436459
437434388
437441487
437491748
437490919
437780153
437702727
437760529
437807301
437975603
437855032
437873824
438092279
438106220
438092940
438178648
438216451
438202570
438343699
438348572
438409472
438426078
438227754
438417000
438380069
438419436
438477979
438503917
438625381
438480340
438722809
438894552
438896086
438912905
438916855
439042342
439117728
439092779
439229135
439224189
439354344
439365478
439388043
439340203
439258047
439412351
439500840
439576721
439617712
439627605
439639857
439621646
439627834
439659027
439704169
439743407
439764421
439812111
439921044
439813255
440014080
439921379
440149428
440184742
440464859
440476902
440497434
440488550
440477141
440479497
440549396
440563463
440547846
440535402
440616869
440614976
440655551
440630212
440652397
440673975
440656228
440756556
440974477
440971710
441003337
441001878
441081314
441079612
441081494
441182974
441205230
441243944
441202002
441238148
441449550
441642455
441719216
441858464
441884516
441915368
441921343
442054448
442105061
442120072
442049407
442140305
442139052
442141910
442147516
442239914
442212227
442273424
442407902
442425502
442598413
442653858
442728855
442709917
442839435
442927291
442930100
443010390
443072664
443115641
443132643
443135127
443304197
443370572
443362980
443400238
443590806
443425545
443496438
443650121
443705577
443831501
443869230
443879279
443865948
443884490
443873823
443875155
443890710
443898209
443908613
443938204
443978854
444076257
444073576
444237263
444244504
444463783
444533274
444475217
444688837
444574270
444842368
444926785
444923886
444922309
444935101
444946356
445128693
445178259
445241334
445258752
445283437
445260152
445266062
445335847
445410468
445375097
445564033
445553058
445390083
445573347
445600278
445627681
445759266
445718445
445740306
445754456
446059663
446070425
446099082
446177692
446636395
446636076
446623339
446657982
446745748
446766585
446769509
446961464
446987417
446907683
447006677
447063193
447068888
447288778
447270466
447310653
447286633
447385577
447343463
447471364
447432947
447552818
447470516
447556667
447541655
447669240
447710415
447744374
447755583
447837748
447885801
448016534
448017722
448063392
448181343
448128705
448097330
448242537
448277078
448290048
448308954
448281892
448299062
448509859
448603974
448617609
448672609
448766791
448907798
448679509
448925179
448999087
449049994
449137308
449150501
449132718
449212860
449452623
449404069
449456087
449418994
449502262
449565954
449621431
449661226
449807772
449820782
449907165
449869546
449944846
449908863
449968454
449938021
449957198
449973453
450043400
450057512
450088774
450326239
450254141
450408708
450412292
450519887
450584747
450544443
450733533
450989020
451000359
450999762
451004293
451034268
451024857
451084433
451105851
451106427
451155849
451144568
451299292
451141174
451389767
451465180
451470489
451464672
451668374
451512197
451687657
451768920
451808110
451877283
451871237
451916168
451982316
452012725
452050670
452137683
452181903
452214115
452202639
452309758
452322904
452435792
452500619
452474371
452502514
452529650
452603865
452580133
452913656
452952410
453019334
452974246
453093871
453084701
453176675
453229449
453381158
453420830
453449656
453420240
453472043
453558547
453560335
453618545
453657910
453598205
453711261
453812548
453838106
453950630
453932918
454138681
454159935
454159444
454170723
454178735
454272491
454346047
454215957
454275150
454273690
454298576
454389283
454424385
454473745
454434976
454552174
454480465
454699230
454745901
454730846
454928168
454730695
454928704
454976652
454987496
455142832
455167214
455210043
455230014
455554990
455568463
455563765
455610322
455684388
455765126
455820956
455883743
455969918
456113200
456280861
456394959
456435265
456494777
456607246
456592678
457008165
457255254
457218833
457331294
457410420
457508513
457636337
457507504
457548851
457784048
457854506
457794336
457637357
457926359
457994594
458025940
458062830
458096385
458067677
458109787
458207495
458240347
458209862
458443891
458461783
458575764
458586153
458602470
458584705
458602197
458587755
458631049
458653383
458954993
458931889
458958397
458973197
459056851
459088725
459191861
459202051
459394146
459427238
459442099
459676150
459661366
459682822
459800486
459717756
459738872
459807534
460008736
460076764
460024407
460258762
460248400
460177396
460331618
460357227
460412861
460495992
460536890
460701934
460814994
460778494
460872143
460872392
460916466
461313202
461713103
461746500
461778014
461954011
462214110
462240695
462126827
462405739
462475218
462221477
462422428
462704632
462782780
463111203
463177492
463266435
463275136
463362546
463427566
463441441
463441356
463534596
463579257
463654038
463566122
463715250
463709549
463789775
463910710
464017909
464067749
464070926
464101507
464337818
464507311
464666475
464677923
464747638
464742978
465034891
465034772
465127001
465136681
465127107
465217641
465244091
465285535
465616576
465944015
466263300
466279391
466330130
466387401
466438890
466390982
466439252
466524746
466743361
466803880
466961712
466965732
466999543
466748000
467175433
467145392
467385838
467541129
467499691
467548299
467579466
467615323
467849037
467871054
467962308
467939353
467966342
468016446
468139468
468319342
468332733
468338424
468354532
468407769
468493779
468520502
468520044
468595131
468630751
468637238
468598386
468699619
468873601
468753407
469011126
469228226
469329213
469312626
469390312
469489347
469529851
469627835
469615553
469800848
469822823
469805154
469919856
469990268
470100440
470083895
469985726
470115616
470191873
470136438
470160353
470304476
470488983
470584105
470805854
470743730
470908940
470942643
469489347.0
470970649.0
471033545.0
471067162.0
471191312.0
471371381.0
471547376.0
471646033.0
471638770.0
471682442.0
471658399.0
471682722.0
471669191.0
471751091.0
471866449.0
471892433.0
472056495.0
472047922.0
471966214.0
472189784.0
472053503.0
472221637.0
472612979.0
472616557.0
472632776.0
472864073.0
472776052.0
472824264.0
472929890.0
472942272.0
472955727.0
473052747.0
472996180.0
473041773.0
473144862.0
473164275.0
473181210.0
473224647.0
473274608.0
473355665.0
473365208.0
473515831.0
473537023.0
473523818.0
473538549.0
473565499.0
473589300.0
473565619.0
473614324.0
473752978.0
473933718.0
473933761.0
473955677.0
474040149.0
474054671.0
474131996.0
474136788.0
474395366.0
474432600.0
474474414.0
474552168.0
474636529.0
474696629.0
474700467.0
474720297.0
474769588.0
474779698.0
474809048.0
474948763.0
474846610.0
474983383.0
475044220.0
474987091.0
475159336.0
475175394.0
475142710.0
475161197.0
475177092.0
475221291.0
475308569.0
475326479.0
475379046.0
475339798.0
475504128.0
475871850.0
475907077.0
475922933.0
475776342.0
475806913.0
475794108.0
475905823.0
475919879.0
475997431.0
476105815.0
476044032.0
476284002.0
476264383.0
476221328.0
476232877.0
476328452.0
476314921.0
476468510.0
476490080.0
476343336.0
476526294.0
476534368.0
476521342.0
476544243.0
476560912.0
476624590.0
476646435.0
476568645.0
476710841.0
476702540.0
477026293.0
477054448.0
477046153.0
477053675.0
477124699.0
477129453.0
477148788.0
477271095.0
477236671.0
477322466.0
477399730.0
477454942.0
477459211.0
477614216.0
477660533.0
477657738.0
477674622.0
477710554.0
477692125.0
477864732.0
477924858.0
477955120.0
477966959.0
477973720.0
478285635.0
478328903.0
478345217.0
478338329.0
478355199.0
478590724.0
478582052.0
478636198.0
478660705.0
478755973.0
478874400.0
478873111.0
478912291.0
478909059.0
478981535.0
479229415.0
479422241.0
479450381.0
479521424.0
479536255.0
479521956.0
479638245.0
479801462.0
479838073.0
479884235.0
480017583.0
480187452.0
480288048.0
480468400.0
480517019.0
480527932.0
480582040.0
480752041.0
480782306.0
480838113.0
480936422.0
481033032.0
481040248.0
481029316.0
481070390.0
481034508.0
481091591.0
481010992.0
481012158.0
481249445.0
481286899.0
481287091.0
481565188.0
481548315.0
481582312.0
481594279.0
481589275.0
481623941.0
481990792.0
482166012.0
482226343.0
482066631.0
482388114.0
482393874.0
482467430.0
482501648.0
482531864.0
482634736.0
482739866.0
482790206.0
482879615.0
482949584.0
483012540.0
482927199.0
482945192.0
483031805.0
483064026.0
483166974.0
483367398.0
483414593.0
483440082.0
483488468.0
483552336.0
483638824.0
483688755.0
483967771.0
483979714.0
484007848.0
484080479.0
484387198.0
484232467.0
484538657.0
484597260.0
484590663.0
484590113.0
484677024.0
484833168.0
484845033.0
485237478.0
485275891.0
485394050.0
485367333.0
485460856.0
486006538.0
485985355.0
486137782.0
486110353.0
486095973.0
486168228.0
486270850.0
486367618.0
486481212.0
486497965.0
486523969.0
486736110.0
486877143.0
487066871.0
486874385.0
487128683.0
487222269.0
487233389.0
487285735.0
487465203.0
487499313.0
487584747.0
487534823.0
487754463.0
488030828.0
487922291.0
488144911.0
